359059408386
326307242545
607760662213
496176161490
415790755953
732622757673
131425913187
596432924776
334603419655
363491882712
991739611682
502603165171
148005855882
695021332164
758809621113
454925414034
376760815623
590379649102
158664946052
704111888478
84943111887
19519042360
965778851498
819525740110
873252315920
749323200367
957202431093
143307725677
94664292881
294023255222
911168979260
936373933195
914341641712
909307029857
855894791123
869336325879
920308535609
858321701932
738522379948
581167488926
18104477760
635117391524
677388722067
680514060386
245947459098
655655683852
930525136110
285047783802
396611089994
724822354130
975588930025
241447814641
747225281914
949345017278
557932749283
314635267216
550101660145
549507274565
630428652356
75625130461
966193989920
735796702115
643060390922
314570786765
377651549449
167714161630
646097563397
968836143404
298685620031
873550459996
78089897825
182558041822
670486732971
38566134067
591478122537
838725270091
706458944957
236116892176
80654881398
325799599056
954405696603
452366870890
577003857082
283815262799
976013821885
519628484686
922538002213
600280805528
546811706575
521407774513
89211200448
970959242537
773806082606
599145166924
221833859227
795452779061
520737181753
677639924325
662401079178
607108507062
