542350861715
115945318765
149249273471
966017808149
205481460265
488563931864
123915261213
147971947127
282443434166
993262577882
317025548944
911768630888
962101250231
775643887816
984769688060
10709133439
834277006795
477445293626
47231346917
807330140098
302869623938
53738421683
399826393767
718439497861
741244124707
200762411147
59678365942
351117789815
385619020022
24337274314
713627040670
287858823143
512281272264
523687465272
453824476900
10766683584
162854205302
956601674289
124148628808
282508264005
850094467507
521411487564
962759971322
640449052821
491859727733
772433975852
756435540713
100338900200
373454297422
988565758956
989936926200
87610989414
216572563439
445966259731
644874187700
667227770475
528599936823
404489964882
163265023714
642935451276
455561502895
564349395801
734593439976
796326877800
954702988548
297782472935
710175520905
645545983453
194741649002
784515371998
411927619882
623507350303
633674088012
11044405279
985182838979
390765729536
704137255326
840863035908
627876176892
826950393729
736922828036
782633961346
386776772375
726090809616
203723665850
793062502932
890939111387
567517505265
723727173448
542577281905
956166057516
891831874763
576667096510
874790597735
180706262100
590551328758
250955322500
260884910160
498841605631
112662344959
