103759881099
872649974229
985390404460
728076134309
340188036998
196546998749
184378792485
129052581237
485378809157
90512365019
415322131067
758677415045
179070112476
286306560929
551803671372
146855236888
436922322248
497581085565
403628970627
104573090406
749789088413
568664758394
298049571426
780699989623
751618037972
645860941647
916086044894
460548622846
830139631157
879511451934
591088151250
861923897523
302934963996
577188932873
250839543919
563730349466
806422237036
433223225477
5074448553
894971632130
335945082830
237145279553
855177373032
794548227560
686349292440
599307545994
742238169544
530117808597
733583676294
267322477982
27276195953
113040122806
541575561
327323419111
692481245297
902763504775
213726529784
803208506492
778834276772
668144004721
779531320050
920652681299
442638315502
438936862409
419540218650
406463772447
725620404067
524226557404
495570213976
547819526653
855441684018
207852588845
701189297078
665429302948
110477600992
621796518958
927468736424
357087535733
607788857118
981600420588
54119920411
698769002852
102095826997
367215518958
95677631150
505439870649
118407912455
95652874005
699237418422
80050840102
101236417252
875993057596
927835060859
67096559365
722381737994
679179367133
256570617939
926940588367
641035295440
509241854523
