68835529106
36799604419
415953878438
752222225409
528182564768
29987872315
967065217562
483269106966
26168817927
208063935146
529683638074
888300254930
114653844950
855260315362
899731597222
85624635664
411063932826
231005020022
693845729643
764619255875
768659492992
503043248148
308266739799
70946426904
532388687074
86757831437
778798904703
924604287180
810256213672
813432473269
831469721363
589148774228
369984257792
237311823332
724247474515
907834827089
321031743531
897564978145
111951878142
64196685429
18186861138
64006458073
905007018700
941437249767
142933520571
605838955442
559169424285
176492061937
456487536886
854402172701
438853085723
83593015288
290596416255
242137144481
763793403746
284423133070
462769006818
250628421901
487959297182
591092300115
320464421461
366322270163
78434677205
472107305899
212343814253
619764190223
980916263302
734941837209
454763049932
163145070640
897465526423
159380622210
322602650625
416631325572
317337977301
611209032238
673166540658
122572904524
22763338915
257797600768
192749142628
724133358194
603401944778
699803934383
939794239892
418777476747
334861731562
513879088394
143236827957
376760205901
339262913274
782974195095
664115624538
613287373678
800686728586
709112992859
58726316593
728106696826
213624894626
888237556263
