833454664281
914176524191
166979989046
852855564070
506625498650
114655091469
510010496389
697448279170
304044307006
75867484388
634720516500
453098114454
202667182070
978296983591
603076819278
282567632749
528653483664
691015177976
651047518002
635819552560
514490864511
343290428648
985074782024
243007229631
834457617453
682061615039
146393604102
439117757071
63450565866
550965847462
131152055867
334597346669
673060444208
627708371461
214821482392
42359062520
971843744440
706680406190
449318742854
499211644611
302342286629
641957674349
250742743606
568393300103
966157215411
338080015393
592891258423
94823770979
692204323633
548359196775
74907565559
147569973155
246307012567
792407676678
584316971945
234452817658
927640787153
879036738693
93332601689
283400126735
949105403668
493860338035
994927187986
828705353403
25440839239
687245649479
291658374711
458689316900
370595000483
900636922742
288170698823
673510037801
159161070689
496276656035
310979527297
791048656417
16035794053
779460070907
929823593938
417258518977
424702791669
541211309824
207226012541
573449569413
660877886207
140766681618
44817158608
338592181681
199670511110
553631767229
732648794790
203791852875
228460584764
794463815935
573325373189
408526300145
797455989090
415856390727
246033464981
421699005491
