257114499047
712441940331
937591385525
953074576205
37194950119
402367965778
985579624983
472247274172
74501081383
40548614755
685071560184
395361314046
73921875735
456338304352
409030301231
296460067178
805905421248
72264344712
322818267062
293662033129
516036157821
820523456554
296397218504
652827131038
596258156444
525033555592
959721729959
625807393118
931126022322
372319801463
556523697638
874481850716
427705656811
392862745280
416536496034
203894617533
410318804094
649385299927
913623804910
406592777572
971579677959
263485870303
140677603883
920852719930
268020727895
109622662485
747582142307
655970080429
188805565921
902532903015
272842069190
759709073709
601849153941
39588457927
212002522730
573515444154
999147782423
854207849534
672763022880
444698201987
316923225742
850365292673
942826658095
890873835842
220977041849
641797027373
184615145298
223125892943
774470138725
848786799836
634671868935
661796591385
849858183438
338632077301
225118746754
287809818333
149890983992
541952430241
922115661975
993644335333
668277884165
210843328517
417347701217
147903244659
595543520541
387015142067
23568415797
521022020503
680061018536
57200179081
924267895717
17588048150
640869725644
825438625864
672260330075
913991321524
542134341909
303123610842
726921111659
717759821636
