46745968660
309189023164
445615427356
269765513457
762728585671
131890853747
444976196286
758390807767
929354370275
896054810418
717226484275
238263267603
638687462859
960747509244
649259455470
876318983959
982508994026
778798313926
972785577069
175298921878
470568368785
714445062864
451434098205
890486211897
296355814999
381210410224
278611295147
119387349963
765170117512
624251458040
747917945229
436984128299
962979730590
504892424484
480763870394
128594527801
357629299523
457352636157
884736765125
425597643395
467657474084
347877047273
377473595915
623713246966
858839884752
833475095036
107376953114
121261329071
741608762620
112962854329
988153868491
416500195027
269261617891
752367333052
907163715207
761684603551
974181834389
172219746263
458537108249
278378462949
11299750963
894273929541
642737447976
747436626120
643690370665
196199546112
738861240454
794451969846
66419187138
33052061211
61759047534
820950621418
535083088749
305380453938
145536958526
810326556940
649324969054
341887447276
177564149869
294470991004
727393391711
756858512950
242968903235
431986997726
637534971216
720741626491
771911779958
557969676338
367066003833
79011515683
319553136740
837938881274
732346696363
91166648024
263221769230
980583731644
621878642056
254977235590
237352602683
170183504077
