772994130997
725732252180
950642000686
92452589344
456366793928
734535472199
34092370546
827722918544
220570132260
996330594654
745078009749
114684804509
22060008152
462089317277
428412940066
758388008828
591851531580
90922112462
278562099715
926036047313
192218949211
1547437449
335336057008
359257902709
679896272720
571567960255
108086775026
85410042717
867475989829
874920904506
177213494411
601600115814
866276264965
317036089075
559234273750
599769726213
857770685984
12407356407
987144676720
472584293551
474562980683
704869773849
506664963966
483904880865
903148006364
487526743494
344691069619
418357780873
410028380051
805451439180
643996524291
281734189691
381424074676
986807303590
505358606464
140239196651
868887667389
990036612553
602634306017
704016218444
609102411272
629949105089
355072391177
211454585886
892677919748
404082590836
532076590833
228616932989
163343853844
978101565124
758424519656
782885254081
875877692206
843569501156
542134666219
301632177473
849083516704
72460469638
2044300873
364465723879
251167827006
466505673461
423298159531
512354039056
763026359971
497340585623
746789994376
828958200462
646126365334
798803595094
620517847656
872533611390
392002647409
914207784844
702274581369
341734643557
631013978203
65499306476
64906617735
793733206765
