147357591381
144707570411
648738236785
107725785456
674045037567
391225463629
820570091319
825824522213
326499377612
650318115293
780988026880
115341168243
233023523112
602875519802
535782949417
980655765016
948438987080
485790526094
137588090287
760626180903
685870221188
200170050477
87842881592
801682304556
964666081360
756975301225
903748732555
248998974276
819836697505
456971432301
271257142528
50244837659
419877351372
629207189488
628262951570
902446136805
229416617990
16428635726
857612032660
897344417509
655456961996
431055716790
752206609525
910574062552
937227083522
556884089345
92086457608
584805089829
509729274995
587563998587
587503286634
96663384687
326043094427
520371959554
308641138059
305917456393
319457248076
37220150146
389308693356
666173833821
618720449847
589963979332
52427477799
698126907223
706217922715
952531512490
716440444360
309694477413
871588373671
831875427741
383724981674
397254269375
551719459530
496075073366
783951660403
944124544426
188816108776
832999739561
608565222820
153777832934
144253186643
983758148478
485523728602
285245414770
71464556007
708124855079
476954750047
541673598984
315075677505
670845793265
176374795379
32570910153
535236900319
947607860033
362967279356
559478760970
508545586236
152858457027
485653709259
274804014900
