634068675464
98478642218
962890737208
171206639558
718245147987
732174031950
729892072748
503990986289
260969582375
221413387547
644192396064
67810359632
266539788833
454739350568
84033411011
117132165287
826657507496
870826356117
4835299462
645532425317
592576114195
187494399440
284052839564
409218004499
72301710316
186212154884
178346326420
481810444653
393202888639
495408055162
732152464091
555763363873
403303305214
303399230358
374192727944
677532000542
94098211452
650089583860
242750485710
209850937736
58476208586
345286827311
310141517018
260150223908
446376172161
472392331558
933293299927
787276419928
132034104396
649165586894
116593002802
367938245565
939392988533
469542810033
772634951010
476632395576
347436536263
228308119873
875591877884
330763503455
480686419796
29666606362
258160301960
63007073267
5474427799
695267327273
452200808492
95523017583
260941387688
942543628685
917832729920
91808992916
738761292652
987443336969
82341548477
255584093907
339825237598
729931886045
427055739528
43606391512
199730255168
537863632857
860196955830
976215175518
533598378955
96492347116
178726611101
505761264472
493813427271
343260054097
418861083889
330744742221
964548095739
871714466252
611337316199
510109311090
166695306771
748383754895
942963108765
17336330923
