288555625036
830537972365
705961276776
368214137141
919284028292
892052524344
389673343191
509436422816
556006705438
88577373298
445147501115
324138092999
73646531931
439612093806
954026827800
239844101764
451995945954
173922397239
876431979138
324891489738
848613700166
102414441642
928614758372
302641065055
113054641359
124010602397
841021675884
143567199106
616318081188
265427433098
46420047952
37166229484
376276791545
905961413208
683617672293
599902711052
336973747908
9122329520
907591348745
117116602447
488232923268
503423937295
370718270658
633126810736
120425958703
45925509309
659061187778
43475381304
67366081137
354020826316
379894735458
122459130309
767525096726
846097769287
28871528165
36063726691
61683864166
57622487934
810640769250
262920595037
412461505585
448266441614
350363876888
226692442919
268335996468
485633697928
131326445190
878117178706
393924191559
72782880433
425433813781
683913422437
498346328142
501516468278
874916728329
620285830448
338850977314
492131635119
714419344149
345526236383
983858966443
213102433026
804959768742
757750193420
687298174487
980607060939
470845937658
602216458580
965478124720
169578198393
708407304861
541373755971
342768129597
985473266286
563049140227
653228631128
915380485374
602088856112
950305360560
422663479459
