398400024598
871214255235
507041856296
402554487190
844014568484
876293407894
738447697465
897771359932
100950285527
631881546983
560757064695
680892861529
977045571848
209831807441
134083342624
96223061590
276732805194
183209356700
40546325310
761698506089
331864334452
46596280247
419485528458
462292051313
14651382221
305083367748
797663601136
123644732100
978940053168
895294095730
234095756314
363571226154
924242949830
809627891766
530423637494
143536351297
257279343829
166809829479
942441343742
123033999170
920595449855
586102747737
32115696470
832027097853
24837718640
409840119019
584763251805
799252984735
520836067166
315775781277
444830941420
761818554698
623355747510
834173300569
368166460113
41599033616
15647341346
543603759591
574964908755
606444383584
717984676596
359265128803
960939323100
576753065799
586552190552
532144593325
222300077
637872406794
719771510193
271869235680
223962099329
757306095799
488875762215
715334447148
178436896786
852064259884
725326543729
930409573350
64595312494
36512168583
727993771873
830351535575
957886430749
549384947963
533956589331
555670279038
772850097426
514178719271
904971471034
718238003429
971441813036
973128518748
222588172096
786699939504
644616482671
952000150127
71424962516
171487047204
703347371836
275313874279
