184026805665
920095535438
339659549416
437186436500
806456234130
470059223764
314081265452
602525195047
377337722281
818867943584
280571342575
256675765137
785788498137
647290733299
933376720137
389884328093
442491146403
897349299523
800816220415
465393387845
757484096733
277577016216
775944382296
494233618856
781064830639
57747995815
103133301753
768038012510
215844180795
883807153881
563164177875
482665382329
22934815545
15450763404
337717813694
433743057258
777073793127
108409025532
643251145303
361838577507
267660388021
804674229553
998791134941
349768146370
384438386304
646946213554
947031710292
775198933891
826418951410
868820791731
222502581955
328950659934
27332743124
213556269534
73495977974
544636428885
246995653375
310047178915
60635637184
414139641801
904956312026
285225930459
25171921388
620647279047
875422761396
478483192268
841774114293
159460116367
973226854570
491453517922
543767448956
213816269557
642660643587
363482340727
123201529581
309869759781
889236565107
117929547615
305165136915
750055521292
572263531283
218897091635
989641417672
809322747682
291510132184
898556011989
685732833920
76261881355
181831925134
212752635291
946314583685
654664019722
102905840659
505256860966
565093433479
762963214299
830248542859
151934780142
372149563743
371145248468
