715538403809
723417805508
528262357274
548887960508
2338055573
112339516285
406337920281
569519096237
15684051251
874700277500
518287444907
748235722456
309135161359
195033026419
753549803068
99972909639
31759948768
760646514413
381114273593
469521219012
508728368055
709462859086
842058061028
597117725156
750943176876
425420902190
2953496186
978919225632
760603099885
252122920436
615722383440
184023391727
998482268300
513250592043
994898478460
854849999253
512075978812
433138737601
652600686402
195489372317
843988960078
293776915383
10707793733
465072250201
173422960849
822416036857
808533614448
826598571860
8886176357
378689229584
499683049218
826636344147
972681007209
360001606784
594549445633
244992699087
827501493703
246416202227
398590379799
494151843502
125991715635
474072666268
907059326085
424820213841
405712661310
95978238616
753221037794
104034503228
609020746982
569306637805
665708558329
855308094022
357695765180
884896284801
906605537279
133466407845
739509290756
356519381702
855809082982
639626553517
382587538129
599300700237
4946401664
420304781868
780237611016
560201659687
779849702607
777288358180
179741116990
504850710262
453688860934
877794854692
634702726828
301175000898
93354961506
919754446468
293586034129
134992318034
675797380673
131687868239
