43468194293
234888418728
199423700575
965978550192
246615549120
857490558057
713803789931
719019126528
417182622884
582721119383
561498328023
961596826282
93127631259
826396650620
350491127518
28491676143
440863302843
398306473472
944240148882
495501403642
57655613717
819690544997
712691966822
1526256797
807913481476
810577523364
547828517448
603961349501
486472643688
805929678271
681846285695
622552088906
624047132530
415822979582
492080800528
117340381349
549149172238
970846654929
277760860464
637965599268
386635064685
439470393991
978127209041
569994479752
359217750219
758633250979
589444746707
195726197039
330869812867
771688195570
749104510752
777224831793
620510116861
636263160222
68644281212
897558855816
658351758393
275706196231
953082118932
665526691461
796049157105
539052264295
449157324854
479014989982
482278778366
645369713115
419825948194
447236909951
700170521304
999109868056
844413084055
340920723963
154513541952
706114302846
407719150176
735395556730
119899151609
205396414071
204990145236
645459426303
627425305725
970955167780
15013198851
663740684953
937840337460
153689581146
580032826316
915844459201
91930438379
834285928065
336901682592
722311456174
555602581074
133493941202
171730467140
708818827259
614820629048
482919670450
133463057240
898701287431
