791341217572
370394502403
425855018767
872112930681
919629436116
615097655942
260575637487
398366125573
234349321501
508142032711
281203770215
428029225891
617087957249
992664993027
695661812317
928085159645
893475154043
353278341688
280192854962
748141403496
981180141459
573618125824
562531462813
152181668826
334960963013
443140978577
346379708929
821086599653
951981366647
788010040173
597928569952
677484383399
949905827448
734578076731
20621478091
839841669173
792219311026
318823990880
313908786690
61836205110
39697139077
71008595806
485620057196
143239707817
97978184566
19690833285
255736574762
183892898294
749458321563
231148767871
110533613326
155318287291
650342303859
734115492503
489136445540
186102777535
467369791218
158063273730
750657487740
8139937541
874202024761
494905188524
221452618296
443289915987
813854835748
389854876338
626934869928
422434854832
953614471227
473395511399
277228536313
512061906069
254914695500
945392234882
662991333961
265776243544
931798990106
306906966737
270015725861
219949122930
390307675739
116414677790
949588654628
319663192371
72536022370
594657288227
29760350726
494938110274
217780703161
133478935831
816127725321
926060031115
744236681325
55020940149
895868367902
663084594432
1093021509
513450377866
37362661995
675775667242
