336535753120
187147318096
885449881466
224077754057
825214967584
680033737744
392661491679
325008322560
968421040567
361797053351
901002490565
309711996461
289447968707
559921421981
482087326787
494768769051
168572750461
639093878725
533927765950
845268991651
237319469509
813528024446
657337732978
663679803973
620402257246
655928911174
271404321135
177763573116
359646762536
611529327403
389187935333
204745588265
24553739993
494869600280
939340673818
355910124063
43636915411
889328004944
985560184474
903656363644
323131835359
762701162435
942747582344
291352030122
222600222070
786434798869
371563613785
854031253761
15125790082
219039840022
833920757172
220332438082
17864280307
749993258211
188492049633
114230966927
720770967895
546892725271
482802562537
628660695453
706505507242
469891615482
564695289582
417052889478
921684009832
565712898712
530958701264
664870093283
463321462284
315136639600
399116337272
663047775631
903640694309
116321596271
730539115633
445854449773
538429706827
774241555875
109984707987
335903915455
487483539100
389847396465
219446655951
687401031313
383936504317
280715651808
658031987325
650286378252
711584787810
443224975363
39289459892
95244293161
734066570463
415707790603
30991939357
968744314206
485901098280
697708927128
251790643142
911474171748
