382396663248
777818929945
4161905518
517627393209
598371097065
144618937886
811350744761
703281444027
396658853335
39269373791
128080119533
929095203701
130850736320
647873556580
566363764208
614659689653
458534340511
566473438193
753256483078
283647596301
43404007860
806893500472
798987833782
938251318269
620715015117
3490023258
624290769896
74993366367
23413488370
341535420220
779072900972
582118169403
186043516925
890286662029
365581503284
858708029001
888008393180
912985145068
153996868267
566039187083
622201782063
388697266541
68308090042
20022209915
582179825520
843381581913
368817613362
962061924838
138719604846
768506615175
785334602455
70813379478
629514310610
896113700395
917249490560
188559576021
22859666750
625834011020
794418416948
161148163081
648457918029
919876504394
925469235425
383371905098
566312210912
956047123923
813121794768
50848679792
793734722038
903197633999
555682131749
503985294666
136752982274
972180898182
773137968796
137703074159
409911756739
320355321483
356485426830
241832738948
124427618289
918964385161
941642647130
22451054323
159157847383
198229350680
399181915926
694475776354
629829130526
83893222975
692365728896
220755390772
623391772705
197125092830
840834474213
84725420051
818207969529
191390779414
650689818291
709497301423
