685350918173
934155746393
919257529145
591731719414
615478749154
87945977153
222455778292
871112665411
8383717867
350628362776
838856149378
420928434298
710338755058
342068323229
599516567269
586099209927
81386848457
992824632059
116691572378
473688599279
960315170682
981188033987
368838233640
5166925485
824773914843
885470874072
683040316459
541293129711
824684993686
948310103235
13292642925
454129759000
635040284273
79309013221
314665508344
740993037500
995172724845
641531981815
388987184652
112200518646
678276961169
457195312568
973298187345
580447865261
914124513960
98721557533
922569268984
324428248860
147898709334
243283516908
935959243158
807596363498
270889551090
902874102406
222342220631
889088431617
92779197253
924381029036
75078228614
634334789623
371758019309
752307531882
585695537148
998242193663
370980950198
74739077866
378178902379
895879545090
640630442779
888725499624
32064575635
128565910823
426748117477
442669753372
379232535670
510394243932
535924021601
117136307448
414297513419
319459672875
367525423127
274038060046
35298030805
860291655265
883529002594
420624746769
750965792891
850660781331
419241740990
848702605098
858206764427
50813551215
744660230713
224845365625
789713711793
468834282263
435410105681
172593087615
221992887291
559302407529
