258802420291
588713611588
104888325690
494880366120
443829683677
977220647993
86736601607
357717369021
346353175853
860619414769
767719585026
100414244122
218505376507
550862542704
276591471624
704916101641
68630804474
444098866445
323150379171
836463836106
754393465029
602878460541
414115087281
637406072118
982386063184
356644737181
259754822931
582967859116
266624275608
309874669836
816055914882
637914284980
436750334096
60981837724
298774953464
512478907997
717954900302
828784830578
891502858193
202599680929
516128757538
97964392890
81655733180
531306804076
618533829732
413936297807
153747663599
583124670775
142449530236
890249545413
466337318036
758866826055
415211534487
161175406573
376158896259
999686069253
419149303118
54953666728
971980910110
821699162974
769351132489
877938644015
386281430109
663816123812
758209459038
592303892048
631197313180
858145484537
458897048727
298128247867
187054125569
606181363412
713681003312
36204780601
657848624425
105682595412
256908860209
33062172992
972396613323
96126574032
29173864011
84960860611
431569446773
878882859424
116829336187
828993432258
527175816687
554347417937
562708634096
940261220268
791035617381
419419877661
832709969275
345518696136
872926007160
216905665312
658259831526
512048259210
281394444047
779465217600
