374484169802
773562304759
127030185860
229621867843
339945541090
845600495563
985932473493
666797574980
401716226528
364537472249
740197152666
365184838802
143548149702
665087631515
822175093018
355228913840
917332378170
969288754825
450061466230
60752408575
179619604516
630123309540
449915310243
589621054182
849145452082
263142973197
716213760420
528467593738
668861578362
83073164653
530583815299
232740756032
527641861927
587207201410
885754736235
201857828960
338162400477
882803298716
245941771929
226938173233
624317968336
209335394744
46360170013
866552122494
734073116718
68629585475
502473722926
685659587522
376437118411
753814089506
673783192153
348902947881
722806273262
511487117776
394732721737
676185509093
568571304095
822123986493
342710661529
429870569282
97170484879
490778462510
56688814978
454963672579
718769728895
628710678762
761845015588
820942067036
677976021943
954704981286
563397862191
631777257898
335331907755
757928226415
254629649306
126986526781
315301216438
232643857947
953555100535
306142789581
394091301769
259335927839
998226221476
683961367307
906236897411
863118542206
325922448668
874751789390
748445500294
76284761963
133628722206
954149227306
355492645424
648827410163
856402106798
692785787086
59686438799
724033776184
974184410233
211613021925
