602498262180
462991194364
194751374999
361876687404
34342114788
962548850014
872441756111
280946765782
983220199761
644908240261
912261305470
609462035861
358241233456
408972885383
909360146441
176079576732
329553761858
252313310049
388439186641
440581459111
224110250295
923810728284
220354708603
385519790028
782172847014
274763302844
308116317658
897393945246
199419221503
398439917772
47429416821
232721371291
540337933347
706526158936
844661608174
799240691993
229372108401
5267334885
286588015599
522676518428
940047992022
162225781525
243087867751
772462352036
285695549022
825310525573
255938453303
975844382792
1252017461
616302538554
159981261590
571955093237
95997242614
20252729505
986419077538
323099230899
653338651099
298957020284
314544995971
983817405407
351182132296
865626831377
760102668637
694649540251
218730683851
560941289850
372361362635
601603911618
750197867626
872866899947
283659970926
942452687935
357765460819
211861281479
438840872794
235145614758
916303364407
431500246588
875439477246
923996008426
542919245164
453697878624
748941747335
651100883214
132117133576
29870896333
678201580697
721517421569
922972650680
824376228068
210090056019
231637825905
213864702140
104864905924
734781460524
101772241687
454467624922
760106603625
527544066641
685031224241
