956987319189
770710038871
676725723401
384648524137
483961434085
975299811612
342286731463
686273607671
517789685202
66385260581
286370498277
828586367257
150638357221
421286867958
264404194910
12442446290
308565698771
875703411163
801323809483
289783111914
931494366264
933723928786
352618064870
170192227647
408330266890
226075570075
461803536528
483117585311
950883208091
209093688636
515343672667
27697834754
562220984106
634038272513
529770080086
346900407217
348166505154
837590570576
212004146586
279531273421
738711299695
87318269103
769681086310
288505090756
658028451905
113704452032
59257263670
888806024460
676021450553
587124638367
708735091601
530303631666
652308426870
824369936572
38174405878
28573768481
887783845185
727613080003
952888290963
658872119568
108821789009
141137531538
878760321821
589274186734
34525438437
912032688437
576296312226
644117289616
444793585838
930366973472
114955861355
16608672390
998516872135
81881208805
155522152401
412943367102
393501793608
551865404090
519515427719
124604013156
322926420358
209973760777
186237758968
421832373898
880057466187
741504423148
573839002108
767716419007
415359985191
913789074717
932846927872
5568305720
10522600929
327172519972
484565511904
71487606941
141811167361
3160278734
111693018874
239265576119
