246913483427
905166482706
334258357619
766742332516
149537541085
950831342888
608863065136
54103342218
912326944632
808184257653
667146934310
5462417418
551819204711
100384073314
459780714738
45565610224
628792506245
998903937653
802008309369
204850966435
189325172540
158528224914
598432252938
217180071078
670633434441
723670777184
593784932442
602600293959
516209546618
189118902091
454689273000
424711895587
582212122476
587938855372
333018785669
693017240056
939097337858
12066933218
462352805248
869679865904
453888868034
157104298843
230967858107
467678340519
158276505281
48783231830
946607012650
335968644400
574201310426
648690460080
775752669672
336201455533
139365654849
755740238199
777906171010
194826079798
46853826188
70105253834
14428697453
719346066474
343858214132
41856140647
964241354476
703655936766
964110471739
464335403808
263636282063
104433281057
71737287963
981477339829
709869375555
733113389597
156331967756
637620170310
882874398080
705409641303
502160736148
341855799088
815845511195
901694823560
86539042367
118775039611
304937166928
57084313249
440704464366
821057724193
35837137547
17706151136
882011565652
952553948144
335457190581
793393627510
973766353967
296751186159
471209239537
35632751039
713853423837
685129732336
298204826031
88340769953
