519412312468
983204587150
249255717404
910897780712
41005868490
171128200550
646591776228
455663184992
499213445452
661301629831
184422870050
495543351339
239260899791
219145431800
602670578115
445605653749
336460329651
880395123860
815889704380
767207660304
12252770835
412006907302
438069707293
780964221752
470821184124
666151673681
703788777360
454574582838
46207608468
672792855920
55934365001
128488902029
151026942236
898361799018
78170634601
227487750022
548295105145
819912939861
121877139488
502148984556
142114318628
118233943490
836479985773
124774046597
199230506450
580696338685
488628320376
285724691136
298565486149
821320760669
179896939514
378934593494
559740168362
527261280941
939770593045
55232921176
252802194824
510596039114
493763205354
793774809571
808966011111
981254379651
366937108409
720424469234
111631367351
73097407932
337183101969
436017964561
776763793874
502511447681
957198489797
847262058496
233268673606
95381054186
915344351091
749195720781
611571273100
813097639505
818899149070
968503265490
705156034517
595774349018
532076809828
971685810552
407016513363
219083568016
137498499386
749053994768
218451871334
954783861827
566362900138
591094028273
466115017816
873616311653
682554312417
899943501954
69718218427
936665584412
212693501648
716549405894
