834397069795
445573179084
405766963994
282115132448
669763777374
569662406995
503554230790
162140037095
923911922515
792286974970
581727942219
535778606118
246771882813
281769976845
532082748547
699764331012
422237218117
960882361851
198594222762
210992592998
808066774741
147097100444
790840346316
232776482073
577638678735
173655261954
538984914514
234974293098
442259683884
545599911561
756744236273
757904522328
673413019541
377843745897
491533649450
859789115456
6404141322
898514803845
686116990871
622517612674
5924150891
687971955072
75024109893
699940057126
478343977432
971190454984
478376954017
75326588926
645696857519
436676803834
84706243919
844568380957
526307526745
253940484483
317596868715
699121611035
892576298013
303955409435
928264206582
207360526609
418635835147
317168116140
327504535657
718989886975
732803174289
217730337015
707658009817
94493499868
284299563409
76869405048
942256180116
611928004741
402432406247
223183648922
606711393994
196810401428
336939400560
968442226112
243328924663
1011870327
130246019227
966382623385
232536859276
248673653061
829417487211
260322977055
582019107471
604851046672
299272656774
139122039829
18143533824
383807219038
588439195071
926380133803
323934624734
3172177157
552531097718
658024487318
977402528347
238906380646
