883006344194
138889650639
618558991948
789982159241
424398725400
157481673146
460847054357
20019781992
258194134895
547291912943
327611132354
716733824311
628863221256
690820616433
883610598220
892287724711
148424767432
169588570635
349217362008
335120974509
687549733265
305280052915
199289872991
338404309248
527913242011
280048185391
621988167126
363635858652
162433688816
195446260228
183206673492
495602565129
790558547225
744890101472
100158371065
108205237008
807324257686
536793739422
476457332868
209035422651
33182632159
743661842081
835473410121
806974302666
4597720752
215375126331
767724331280
121891591632
257806871498
15378998536
842162387159
617669266776
34469391782
17852415635
791320952605
226458414890
910643634731
292550806274
641480721458
254644533426
735387140121
845266804410
85762908339
268021094785
166244902584
22577822809
178596097511
335503144747
418960647744
935070224773
75809344131
671672574431
559286228219
421010799450
62415733948
400417124338
961191150901
295528661077
527875939750
382623168805
737381945920
591380680419
739140572612
749854923589
776148018540
589640063
926772208745
717301261790
974166276753
40004183140
606146977411
342317615486
863145949442
227480409913
143149268758
184563632888
115115497983
981805516955
851737905609
203469927528
