116174707125
754789183393
59294890123
262923890442
190613859456
695412307869
672254336392
408167879580
439678587535
38019938830
400228329153
621817028813
444858378503
508842946958
830056328483
173802464262
953890303064
531679475305
357597528822
936230390110
91726798799
552840197683
588254957884
134154122380
840139522043
947511090951
636191601072
573668242786
177293953869
821682562045
490223056417
178047884093
527956485429
421843031905
481336806641
200814381692
657649772606
819844453505
343847043785
155483782186
953347282900
594078776980
348508195337
868610487061
932926039737
416836614128
377935124622
422857376932
861944232074
171067677672
645195608590
982918219368
564499065717
784672040506
743923755117
131256248641
256647691336
628351239400
469424085624
55078572118
468854266921
612057591837
657721770155
466794782892
477683251458
128478717631
793617946539
504452324246
613873755851
99745994
938503666250
506446893808
802811229823
7758964760
557177130200
489586648453
510507377000
177090144162
535029299379
376171895461
338059227304
921958221192
565708945593
831748267053
114116346623
913056515577
497921568673
278170946639
638885397849
211158932961
692098371340
847927123673
341934575832
159107983393
287691824461
617283899185
779778739815
147258647899
902570107270
699148268249
