940285541254
501247529497
516912118679
543726162875
749444192427
70015388244
803830763588
462629381747
363966433228
121965729027
820738772202
143040003485
904761552959
732878972946
373265568942
828147793221
878785763103
862805367530
902613635534
209873857096
787385523270
853613373410
957708295294
365863045593
670038066805
160865274455
398998248426
818678489423
457204564322
5459373545
822336494618
107485225366
249512766123
871008494257
966834391857
996226715666
352619865675
955315305515
381020425975
837709876010
305706510105
232449002602
785068348389
918247627805
893818912388
448279276993
616039027528
952520923294
195266022889
392934198351
50217950575
116220079182
327628452125
684936407032
160866629125
168806616193
336969992260
289089317237
954002859919
185845897827
572611893515
853234454366
265710304532
576686066007
558129626784
717127558334
841500534335
546038944974
868577303765
973178380889
840773792439
515282608689
291712695560
636839646927
854851514338
827958357767
409611578798
206511620345
773957776008
248271077473
468542831580
991485994223
388763821860
392438695050
440723028529
198938274881
942692181260
539550841625
266469167145
518101658434
495067007325
339328286461
877959344887
508650794888
756324554879
760469501058
487773515268
794152502378
630702316411
696224033603
