929224090412
276107044153
768559524623
330652921430
209265764586
915419659002
518812854599
491259326564
394146436303
228954749687
982833099041
594363204857
637080643247
150288534715
751193342008
926615321684
923135635688
435594848117
281985234091
834466784382
168609911957
819614742260
577139466447
209598516191
3467200590
818134756068
609595340403
523588872720
964665228805
12001914136
993622479807
97917754315
24330988550
27974572946
972306113501
938471621158
169946725102
602238308468
864480505062
419868076354
903631398125
13248267607
906305448161
537504249452
477325665747
235330786643
498945129430
889813552900
657229718797
620299467337
960321297965
834551722638
60736128421
96704494556
50058785438
911006400671
20828300707
546894714254
800812330397
861587721944
507796310902
3739610860
45941841704
394196958997
608230085410
584228144320
959688628442
244651814554
611326922560
188042854094
303926339821
759766392595
322345661594
691170186994
200090371801
30755350247
749972653710
913855246149
716823739674
836980988540
712720914359
407747517967
900475844930
778684725241
190994424233
932185766474
872229401205
77225472750
219839731929
168366089759
933646045423
946621980861
534490736620
334977609328
798395663826
443693203793
71642762904
788143660713
156860213582
814249582678
