783692441704
313308117680
513678444301
570650758161
952171713965
696392176134
525804510702
280981142388
81075974540
927717554190
611637278800
283646432634
570373101270
862318311786
20499031979
63989401904
553622867195
234976950614
958184447203
953569831038
961996662692
523417327433
190641018366
780216080803
281632076532
344726315408
241088940390
198533569929
631653651496
39498995911
403181164774
841696042402
921416629625
374076751654
428219595378
355293900233
266601195915
614493278747
695705103132
159311891942
171279393231
752731131982
462920650220
447190710183
417914746038
773218788791
397542233617
766970134456
795001380574
430851349103
871725211692
323723995910
84150104299
88092955121
966229783362
192839878989
383591345757
536884854489
267138853847
696066986820
370458956918
975590050259
576593899766
914324145320
296978526395
331714540378
367884066986
388016431940
444247609988
262481394552
192480308446
188230226563
516099496991
584640558478
696517095554
447892681073
924066001149
867932756456
588427208681
295052701048
663403697647
219199631234
459693658541
298278765466
738423526414
982549756283
679355339598
639832183172
661534512544
412990686920
632503180200
514878195740
249184328409
406400030038
96681478503
207881925312
423228680108
453614023266
840546622311
70491697596
