485179290073
435521725228
58333120889
839662885039
453740768531
647047115809
674951794294
443989175532
174734088562
314019277211
621087637061
681377773118
113030451499
842934800498
863477501523
625171606586
366680454978
683539694547
846766739529
884367664074
190393932939
134721660359
301458028202
808489308187
907804907478
432350333057
20845722697
374475788958
677324562550
865432312838
582325162906
996426040400
343673694241
77963041345
671034052012
168745966862
859695712469
4633098834
184433805871
867916330834
455489538503
363995885204
172580017437
289994809255
791609354472
321513278005
903461601207
598828407906
501838336604
716802008724
290753770327
434125403331
431738744338
128918374103
221949488570
10863157666
651155898640
796703600312
783578627146
528152843243
163024010386
372592273861
183132765757
345453668299
135495198379
925522884467
642982846175
507319847962
479625232793
6235931219
303397270605
593024275444
603358002402
202067663687
947854335359
848505182997
603945847834
150862950552
81619782228
763034305050
140677828900
214992182881
666919825292
175336956388
230758851864
393385885800
684777214441
213301492811
888412873383
756866406147
232817703829
303854254937
607836315889
12814043584
875265890042
593859849321
413100334937
514573458130
948774285793
633776908839
