840628601596
886972298944
163583409225
247377624972
541445187025
154281490039
281872533523
486782188766
182386983532
371577034553
13222386082
754426609403
289608451569
463429018161
111261839421
904780675782
721900438241
374579350852
448718200604
590848297390
914499105707
669469820096
971972894434
437685101144
661320799852
39465670945
69690868751
967956484979
905294517118
488319752849
691899352262
502533705664
146060697402
803588252312
408139101647
51265093170
801996912258
695973014378
502225775146
935833589976
269942654890
661647222362
266190085945
167927293989
712964957934
483039894037
924432141127
923362122688
181012773161
849203969692
492761245778
362170655589
7324067103
655331810536
953454405639
417613285788
16443625398
980634207408
672663842846
113742356148
23890916589
886117939820
588806029699
751039686905
446782328170
467943949345
917230186285
993140311120
296015272844
341861822305
381770317441
543830425724
276317156219
963142289824
606507279613
858121618217
424643708913
90639051474
857921301949
839400114411
888179632078
379371626358
674611453251
171436071239
468717306114
861896334821
127214747382
134395692353
30917359551
262210538227
791668373859
630416075738
682056625174
114514324426
206421228499
774973040710
435611909871
836075269644
140615993887
452475091504
