714262969714
337346681497
976566006348
543218406950
490158617915
65677412089
831845286780
316054635152
310798873166
322972820365
812671971292
945141370993
967824241997
792314526205
94541308935
999008245018
418505509147
814061400914
636177833344
753268301097
969205092401
652400339573
630032762059
603833668009
512469829720
768945067566
222406865004
655104306627
726133121028
819715519486
64487271930
699273984453
329043446019
980255286137
405566972103
75374570349
435046903555
614854626558
455836138064
886847699260
408295826577
459896327676
373489036235
989834080723
453344446907
141773401464
739092917436
794900846851
528386570455
331791609590
832355912622
835408812744
352401907009
230623579116
808324406269
887705619942
92104347083
932798587499
749208252471
927775822932
743498773632
350606621430
164888783305
573471477344
859307486152
181309826750
590158448250
654169864239
320067933378
981894978075
530257199100
39145050014
554373732896
153465524686
814515213940
297653503046
12615206781
427094722340
216342968917
31664022075
559702126591
918637860657
17326025366
347478253303
2273840598
936651545554
394212904051
475912730696
738845342278
966388311891
68373367786
816971815939
989709162143
679296603177
462798936141
102095091692
512330368352
293667633638
326049008625
856267427399
