39088940333
22422764140
496099218934
458126249290
818513990473
709181407014
439595908886
572034254887
877734507977
874677513117
718514089644
944096728105
596171422979
627339092351
591470077826
899811639907
784034071941
528154760660
449322118684
231106552430
278367689689
905292875515
193253330409
794125653596
255518884382
271434934479
5832633825
15874143937
626478917254
458246386388
724590206643
151325690867
219541507723
509753761143
316419506893
20153566707
160546665259
358271144013
124694904484
133133473156
864922717561
562464224060
373478381387
187129698667
828923152913
99462988188
808425198306
447041648614
181683274270
604088287161
325831784291
332545458536
694301237839
423440325205
90861658382
993887268292
123098856006
207746806275
666270659441
456162244250
716621589426
609604234397
995901804712
938190971015
773968648940
392317564622
967135964622
168636451320
504701733784
665760319796
385889537424
489560797462
410685508015
143415702178
36507029498
700213001057
730325762007
219733487930
202806941930
311197337750
942996416531
466695173321
974398354908
564208541120
794918788244
234880392603
989478247987
977651215489
291760247714
803951335166
389572950979
577790823748
100630247567
550272729781
181875717753
604298279162
796759889647
133049757328
304332293052
257969031220
