130155430409
961871772532
813010150240
764728473400
398328223707
874385200270
100981734621
955639012485
362293656888
557809605092
642794950502
890672903073
548755512582
930227285764
579280080023
915926453451
755207284895
7046655489
774088408178
939080033084
688903928654
62014507313
701721309679
787232647940
571095807912
364410553654
742676388875
314184480256
168165940405
527737506275
421244018882
858857854825
255763538755
562230206326
810562214050
511439383627
15295594503
19724758111
387807489165
218534634739
676180678387
59992669447
696431464597
434230919854
951934764325
251809627850
20933395815
172398743274
110480851063
82627229544
845426775045
505933372196
255504982734
198127676059
435771319892
219688597794
600859847533
988509378030
543865769181
286814254049
206824882467
302620449708
592154205591
577142498717
281251888630
823953110820
545148194571
197579772138
57827822530
903206909865
839064522850
888814181267
386317993977
895540563120
305386982033
60274088031
331022665321
839023580152
607185672929
665075240181
341466144915
280650310652
13686772040
389850343414
484968847420
167967130466
988383272554
812103016217
214316799268
54866203503
252107493495
613505701615
602513687382
337281336926
169532665931
258743337328
869942266884
909850379401
681464068822
267762197762
