437421106300
549117077580
796118008128
129509925618
15967208004
131997554884
968628490369
162179927070
518256676549
264460762228
866172987725
828120356566
962932796527
320090190563
159681324294
681846490454
246427958044
102938903660
984261762451
945411541354
873286535637
813613916991
44109054370
659253106273
201524435421
840344983375
55539934709
585804073408
280361967303
40728956363
498281719572
613944770014
185729132035
996397800035
855310052388
15012962024
459286351846
50048583175
935632122487
792923731460
641304968314
487365929966
157187703938
141308896321
821483604511
423086135427
350596411979
984229959064
727748137026
935035168788
524973822337
305258884006
318385532851
331261494723
919140479780
892389103004
847541337250
607729437660
89642072518
582805457573
567802390246
207744239612
568022674097
441373317243
392334253910
343865117954
675841037761
597377852558
895739316968
197756959406
777683253196
525755572306
834586066237
304639350549
821330063064
804984127991
287107282249
170577103959
550084042406
705378518310
82479329485
813653951375
203314001481
789646171719
701351652333
198271893654
128979202652
926915623978
620304336767
417470511201
558916368357
600024887942
313718961225
53803017758
41654860870
351157197143
528546066553
279715600102
4043036503
250020219225
