329222997199
911662679692
973261709149
510495102908
829492393355
160751144645
394688736715
75642610045
504264494206
501053782858
63970974090
227945043423
418010102039
104750346043
737138368547
355551803350
902036529891
41193664987
278532480048
558072891675
714512828034
700130330414
542904487036
392169328266
355565981174
341365014662
333904655354
218695226706
696329179544
798792847436
644231724154
921973299224
55513837823
637986439187
766373280087
821100098663
603459411531
951211103539
118800495418
845601125513
655471333334
644865450587
138166243202
108731615096
717107392865
426491154255
778505979916
737148203554
469363305751
782787166463
72172558187
286842720419
982646163464
613367236572
200615423638
234562293658
955984515276
245633021541
320934801535
584717449153
475742348944
602806443076
10624705006
365641374548
612544262556
586018929744
855789803040
822958217270
971995404092
791508631645
727221759789
535278649333
688164424232
316722623461
261396210032
629619924673
705742295510
504942921525
674098137386
524077483718
761755034910
743898691625
784647131503
591565731403
366705869871
112664910061
602420368685
146794046665
898549287174
155863452774
626826360179
25449031909
991697038289
665920007136
956752329444
552212207882
42169307731
141119551236
203241044481
773848011046
