373054029145
198052481093
798461984688
428508457598
354226421012
286802785971
625099280062
921757609131
537414370498
369608695198
859469521606
3939840294
255930222033
763289518446
134439014267
299883405201
69619007112
695434880190
542205925108
786231296824
278733246499
958095245525
356554758269
581868608057
610880229023
963811506170
151015910560
217431392678
459480559391
923529986417
840156180950
429254508644
148810269367
943138143047
110718169210
376833058536
74875170087
962124498626
794726252859
10482850318
841982502454
942918426406
368519663930
263311325
448380452603
885631413451
598973349689
237351734271
347631500780
490140992804
762722668060
25521262566
964783333432
922856985517
167668556099
464047803127
345792296532
475866203116
982718384387
719018104796
275621628073
600603060372
368559789900
446191725489
84953005675
617995583350
824294171525
237028320058
936230988927
49208457961
337604118542
477531052461
525505848932
588847565722
571311899713
86532167137
113929443371
857455158464
463227932072
887698216565
905395274216
956034314803
990657626297
303548465720
481621516409
812987587403
694397567625
87101922654
988622983393
667157921082
654008216639
587365006572
569714804961
218040428581
569384190877
130722447181
276365616372
323138131057
119760358212
430741140339
