937607991510
775363742315
901622828826
755611852776
932545040524
556498521210
230019152992
24147760469
433025957532
316252856054
776487819601
454987669602
240873014017
420687296033
905653510645
774853754062
972794826870
685884050068
853591071605
522444059739
682787518516
235175974394
773423446023
382859399927
685053503838
601109533616
754231106623
273507812963
397620986000
135075476333
850173895062
885956293544
708815213874
542566848158
210848090923
351567490510
423190922474
858048090178
163390590663
690228817360
430212143950
267055840395
312402726002
95336046521
119476034483
273575547320
623368383091
115782786978
144964855574
770020229626
200735618798
404893074550
511719806984
237900471600
647913262589
636401341380
746088814388
374283177078
970169653418
61733663245
457904319911
137520888078
664201804022
438278241986
569743230115
522336642568
147424145821
153627074191
539391188594
706566833793
834870543491
407058165867
768074311639
56003739704
471103047201
3493090961
847660204852
583650747753
346505403358
121055773974
957574919332
793901848121
986078431466
860288769028
625720813693
629278066531
377715180122
345464828867
423755982761
226105085035
132147615600
366179455416
35147853929
49127782310
660045451610
656868330767
59281875954
186447533037
981598126772
968544965018
