3016945609
322959324393
894895531991
521136919733
393999177173
892576453570
794639602322
438333510382
718629109510
201857995854
47527013562
332269066516
490745351035
500404131893
919820999542
249448142406
43737528152
536972259364
54114881200
630357251104
401848412252
464723142752
60478282012
896183765656
421307026528
561693884890
776334343121
883937894029
379721847889
582378038965
431794405321
604452686612
550313380799
493537675592
445891850265
660356196106
311851607490
31109900440
764338521457
477411599662
577965401545
897577757173
215658254020
302348439263
856262670001
87875235087
815872693224
301578845186
386774582304
91746125577
131943845447
292971080871
455103245970
22221740664
195953286071
305924016173
309014321889
681031404837
82769440828
591777273504
645114583741
51728935759
354831226625
328865130080
120313609636
846952598711
770223432015
636534181186
72023699248
268539285994
2048837209
936864381407
389987436699
731955765250
427406313832
219844637765
439820037092
831829960720
733695390203
382420149634
55252941810
766391388877
335929544261
436775578633
725959913342
709331809400
4537355508
91022217077
316269298162
646515159429
663931959314
19670181181
668729019393
764886994036
33514240616
3187526656
426338094255
478530843373
279853787300
571717588608
