221258803096
615931569698
734762408751
326267052703
501188197773
147616605460
715922463984
243838360307
696665536949
542465820154
863662130352
758351349112
139926823345
139516469168
407908626112
737285232944
929580771169
133849464685
92347968655
164595779057
623030253022
564676813181
519955975255
615451349263
123843400056
967586611590
725969144668
17445549525
380032491614
28839723040
238846106743
339373503514
345961204
962962606955
856773685096
514603820508
256899703485
199627849309
305661696874
326587317441
615897896218
330850474221
343613303408
480216627224
753121417743
334563124406
264925877431
459204026656
453553143421
506240673802
418228868731
166460211420
742791703801
402114554462
513601859298
778907602518
252408763548
746336596243
474258894012
416777689587
718988628422
90237210241
534913921970
884851456554
733909073422
63840081636
829364851944
797118362596
310327417785
141475224397
925545340219
509682513140
745315830775
927137001408
412158369119
437152716094
597340101788
842385965770
925961775926
547578738710
257354421876
399419300198
809967380058
558303565413
686691481734
850389861254
320349331104
779667770821
788473830853
779994173961
616258681148
16174369741
953654717849
728029267110
982512906237
81776075282
559629792332
258994115046
60143842582
960459215456
