312743700927
234456773416
809145971860
922369662247
983517231415
304631446485
597301243742
989749420960
96608183317
728951501325
368992703441
325879156898
123309852838
4765586922
698339292663
398754559767
446375836460
957720954424
46147414277
736229862613
343197035699
157191872002
636442681065
280929943858
758721232380
902885663453
79290291775
541446095010
940927040582
648279629864
737349804642
803313365133
315019155647
60210073629
41484925724
139888882121
227443955484
15471180355
214301292923
13764763048
758463421484
873563426586
949205841135
20608456104
331644178009
733092844410
784152386029
229067902212
583809622381
855054753231
684833020856
173152409010
802659697305
879266026764
537242292039
415017223714
660105903247
995529417568
797578555163
16494728777
522328486901
118977826042
687523420886
784366312353
45142819561
193438484614
892266729711
677407995009
802352718293
131568650458
534660862788
719780679933
513529375732
299645983854
334786371423
865447258600
735387121533
276456918947
253418050828
506034288645
275379224234
450975361334
398757756620
775617952808
644328074
163196724440
205787513487
922225577835
91892652134
403581525853
853132782293
886435123434
294701522344
491302073416
951541852709
195927028158
412271683091
650948434469
181580271512
534923508447
