959894672164
7423685574
557695755263
928840744560
503741869044
920893894273
57167456874
262823557843
79976219290
744855452398
277181316216
632660545560
205180630403
490837265750
747098461124
914957670693
926062914559
403955350091
114012231870
190359531823
312900129046
434453885799
441789993371
715777553696
636340038488
656767259550
839436058108
320116766320
9958378202
556538689131
471918533576
751409672848
961452545229
172672567939
51535078154
651783104705
625192314716
934875807567
74470973261
657298312865
56196975518
40531170427
17348164113
898239854646
371126532430
855142758922
606372079020
426869716645
373814049389
482636433893
55975953070
995777402499
116645228675
321429315908
287830741991
950298847305
878641513889
96553143154
466629917626
847851087284
683206069238
642115713675
320519805971
613688079914
241758222515
70540997393
397972698931
315425224254
975564719755
867433000799
326823040656
829019788633
272929045205
946726040028
325090635895
125123259312
865378578132
836845347449
389711851915
506554621110
322800193625
663142855580
952064843347
959542253737
230123347978
167832060129
293119216552
36431814626
642318879042
531322346260
357123011685
849088284280
630323128214
522526676379
386938811209
467576200648
112029445895
731257347982
8181062630
628418728937
