847523109878
168399352599
539792390317
967170999107
86271207423
145937604040
767356107883
439123722731
831945149637
407680998439
704990563455
400865494773
581743274917
36853675563
813461305822
779373691283
198602930983
129784117369
800091832770
400503241468
621530445435
669167910081
521882274958
432180847886
359470737269
931723276401
659325175414
535017570310
915519781245
20976650121
631176298129
141457904294
283431461010
815607182320
668261314502
870058849653
88056071920
88992725659
325561192034
350521180675
909855178463
211226765222
844524354898
747452655034
686383674017
841069882886
703611855248
572963159245
236962766485
408308247613
680402949366
506993082155
4890340278
296516369677
989577443340
703208490752
88963068677
47619936155
597071775854
338350560277
690546910354
250768904765
243560176419
933575871987
247141196277
723088004343
583525476626
656952323540
766417282221
498875536496
673699785807
105645765792
243709733839
39586404581
152885539038
864613309666
448902929690
973071452896
919134167086
457380735859
266159867057
771378185634
318637480915
488948292417
309429772201
505012138124
73113331575
616363013312
753392562458
445258699298
336561113632
767450675821
773508684780
637189506102
487242018317
248701778634
404829709623
931363014954
862683943434
874938365738
