120299588016
658757969441
360914394405
737631965887
153714452138
912940522847
744435809675
871599159114
86721741574
456598971751
791032004632
776320212157
333868695862
337027346763
529546963938
524375117219
880408354198
655444082145
953819711539
89351429415
781794966404
882750293044
82611254832
712251117123
905946870508
587908191012
623316922019
255317900421
967012659193
882474311836
309431274307
514936176510
858656588982
43706664245
845282458042
709064939128
137124983381
464703699077
689029202133
556647477748
706726412233
479478466214
846013954049
134524248968
618025567138
876504933734
121539239192
658943064439
161677400586
797425085935
799427503025
262640807800
1061614524
806557840603
260429390237
318244935559
734994339024
635660905821
559934526194
346446225413
221667347097
929980664761
522318035409
790599238910
741961953522
860854684052
772211566936
942156162389
462916378265
66930576674
510488513734
870503467955
945344606251
520838271102
329257284005
995905318963
332496009427
200815858725
861894066814
734349469362
230308953033
814389438442
928872508308
38416100902
723210679761
498475603091
27935327649
101942337264
687605321646
238749225622
5870267066
354750777203
933207193488
989870562902
73832469022
566793973121
214307231232
811460212770
154813368812
207063864715
