528317710116
771201645410
179242519276
95529698783
818955530401
155256092792
374308970994
643464822276
190717117106
487251054550
711531663501
415686676228
985935983113
175141550574
531444580675
35390355754
200759799671
859651064837
121534817145
336912492241
933620100875
799314890567
454955366513
230090354841
802339953416
385707292912
602949420391
792877778051
314788676794
461491888720
57621789827
394511191241
562339558504
126974919551
596779311730
463513345423
898664504644
500214137377
545988632475
343148267118
684799525195
374158753921
503217279763
942144623667
142225859413
127406844832
130234882939
594133550762
729856809569
864619373649
862697704711
691753632583
311704775393
319922618189
809386348942
855856476281
975387340130
744660792926
892528947931
527382500636
406259777428
556171796544
120613959608
519988361605
561957421718
927950734849
784339546728
869616535611
173216812320
211986930959
476134329168
407816033374
188420235115
795409035689
697185505215
219622182989
774915450773
95761458092
106719522260
919924059271
775471208380
15099391708
104893469700
150257850650
617549732040
982791236313
641026413885
473910696295
388256412399
922780052137
673806023028
635598810091
908944273771
540090274324
522019143068
670882638720
941374787476
72646973661
367740085736
354424123006
