745790731773
25857611876
398910830837
31785196800
312894982596
319813648471
988613299784
30910004623
967851591248
760965124173
485551071469
169632621987
66404647903
351411755189
275891705158
846267190369
849353392435
252490827141
454318814298
319057862252
689022943778
954129121596
796713166069
284953853531
832687471213
76926645766
150072932433
150761288013
587040370445
893955671828
810231582128
557316465474
80718637040
966601335436
74606418588
229933983324
581115641169
655105347037
982503347656
730787207633
795339636487
867369777307
305593387601
813160984112
824929816844
737588973341
475987062040
15590911605
110901004925
956517807138
98223049348
115808366163
399434857705
150714687657
167130325884
222899895577
191776072718
293654344117
854347840139
427082358227
649679784258
889873206799
327409801284
853162814554
822956472311
142224322094
849471172890
586939765941
20369428027
230234530433
294994336570
816146681849
732596857817
171903416578
856418033652
528259648414
267038094227
152570702281
980721620829
302694898768
176205533754
220389675554
902758339151
631509766343
384540934667
306922384487
389724393534
317812889077
610479606086
430935376933
798572089279
993897085209
596184848821
140126779945
338259581938
543559931541
32601862013
506406913362
220259367601
407419207244
