119750549533
705244486872
23013329131
729289619924
345533655247
26061978701
602803012311
308682443148
800389147962
521148491958
221075975529
921268516155
432410243204
13420673321
588654002673
643208454214
573331500881
549988190152
639550354406
477939322574
308966018381
405850269623
656245245935
841735790462
593598931172
752069040616
661753283721
199372396668
414984744264
267129656590
746084373089
703493940749
175335073082
790442242318
126963729778
207548226318
821907968943
299903350916
870363283287
803819474420
494647075964
349272110283
671333192773
244088335254
503113841055
342205864471
293379593409
94299236250
754667107488
874779747498
807786811992
641275086249
268438838103
144036579723
535562900440
341937282713
805948840444
67211735041
336247933933
65619378641
810023987008
657967411745
505861207668
432178741898
363406068967
822412832633
17112691749
260956155807
212530999026
630123465506
423245055286
70276201693
169219808217
667396144704
63674062209
805802056910
233512221462
841568202030
523594020731
140249920700
536294009489
342808880852
966071591553
145128282310
27122031616
278715702745
891111779080
251092018938
853954966206
526514459433
625315583246
528856560585
513702903691
300356805265
180389768116
216640045563
912282303811
469140504152
654633465206
313680505092
