430441966715
366459767711
733975863665
625564065023
572738981016
516782933708
833032553481
691300727748
961620140600
34858254496
244202426489
606899816474
361667373482
225434648878
466082622051
395023160759
846944562214
260402145036
859990011761
290756146739
429360222347
316919750804
913633057155
789765239280
486319975423
766620718307
579225176622
513918411006
905890950662
379363847316
283425582604
481946998441
837369571750
71743432177
706868011147
2129637890
439039083070
158884871501
271373243398
493092815984
637244507760
882041647261
358991284928
452592745369
764674452829
503949061766
809897551833
619301623863
855437177485
154610599736
430275152247
353447587285
693796985169
647196670817
634636509907
727293893778
192553826081
993571065272
228724865779
440878367631
750818619989
5517719219
178014318226
471631995071
963975155946
257073308127
810044754947
575542621658
37732721136
108008451772
980905906948
248217797820
137699231446
884152602807
712048610108
577586234141
215607227214
753574710594
458083281084
202240379861
932231919441
42806658064
438082181812
261173346791
598885528741
924146804822
898899623289
576895539423
797645991342
685312729746
906271672741
694805585209
638947054596
797197987345
864358189421
668884787017
320601914539
847967002860
991377740936
776040776748
