860644388916
317490003714
24604105924
393066665971
701814016511
100658288769
547016088746
846288230034
260586511818
54335133425
302143354328
398555297335
737582122989
966757139527
559367657918
655259017542
816691432221
529532488527
147832602928
694358690439
596189554402
718386192983
121513067593
387201921294
742100931943
301672056518
556367928776
331687817480
308716872105
556869703884
270908163885
40887932748
199760247063
490869032160
909301088981
437827878662
224533750744
451999512497
285329411771
825666145829
549444847053
592202403848
380943818357
128833087432
625254160431
451713478093
289165077539
85789528293
66201041886
268017601268
636931356455
238059885333
483594143834
530055614607
792941243260
382538939540
253551432457
574404872257
366163263256
776839317529
776301588060
375181740473
956308509958
368349622556
276370585034
617948148990
408393350598
101662952921
982068197425
617728879552
721180794888
733206793309
134368668781
437349308025
853377372131
99024029094
450076703798
260453080482
276880434670
921906339773
421840364794
97245243589
554285654457
895176529297
231185032018
974424543457
751737846983
95425473820
506724275254
962076600941
153307363504
632232095157
176075650626
317224820159
9743573860
813505994384
530007615778
976754198798
704332040567
589576865089
